{
  "camera_angle_x": 0.7482914176560705,
  "camera_angle_y": 1.2188426681292608,
  "fl_x": 1375.3047453222541,
  "fl_y": 1375.244140432524,
  "k1": 0.04914312357191513,
  "k2": -0.06624856751059378,
  "k3": 0,
  "k4": 0,
  "p1": -0.0012439734751914552,
  "p2": 0.00020604629367725302,
  "is_fisheye": false,
  "cx": 551.9099456698386,
  "cy": 962.2622914374555,
  "w": 1080.0,
  "h": 1920.0,
  "aabb_scale": 16,
  "frames": [
    {
        "file_path": "./images/0001.jpg",
            "sharpness": 2866.833378513512,
            "transform_matrix": [
                [
                    0.0,
                    0.37770590694637296,
                    0.7241148827491494,
                    5.799171359713222
                ],
                [
                    0.7286182152768859,
                    0.16244197462529653,
                    -0.6653781640890838,
                    -5.7369800701019384
                ],
                [
                    -0.3689439143389171,
                    0.9115650567774369,
                    -0.18146496999317896,
                    -1.718601217049439
                ],
                [
                    0.0,
                    0.0,
                    0.0,
                    1.0
                ]
            ]
    },
    {
      "file_path": "./images/0001.jpg",
          "sharpness": 2866.833378513512,
          "transform_matrix": [
              [
                  0.60277355,
                  -0.14101127,
                  0.7853533,
                  -0.9254166
              ],
              [
                  0.0,
                  -0.9842601,
                  -0.17672533,
                  0.82075655
              ],
              [
                  0.79791206,
                  0.10652538,
                  -0.59328604,
                  1.5768143
              ],
              [
                  0.0,
                  0.0,
                  0.0,
                  1.0
              ]
          ]
  },
    {
      "file_path": "./images/0021.jpg",
      "sharpness": 18.27247047087116,
      "transform_matrix": [
        [
          0.5391612886665613,
          0.012636011787792566,
          0.8421077341863583,
          3.794975703804286
        ],
        [
          0.8415598693257493,
          0.03097093672900644,
          -0.5392752427272052,
          -2.6327888068992653
        ],
        [
          -0.03289515367845833,
          0.999440409554847,
          0.0060643697290883114,
          -0.3223581639359826
        ],
        [
          0.0,
          0.0,
          0.0,
          1.0
        ]
      ]
    },
    {
      "file_path": "./images/0022.jpg",
      "sharpness": 20.68469744351142,
      "transform_matrix": [
        [
          0.4296837442344781,
          0.04783648780734955,
          0.9017114562551967,
          3.953548015733964
        ],
        [
          0.9025840356375905,
          0.006795888453959249,
          -0.4304600730755557,
          -2.399678672572368
        ],
        [
          -0.02671962851159709,
          0.9988320611100158,
          -0.04025636741958886,
          -0.2717649168932434
        ],
        [
          0.0,
          0.0,
          0.0,
          1.0
        ]
      ]
    },
    {
      "file_path": "./images/0009.jpg",
      "sharpness": 24.330851175887958,
      "transform_matrix": [
        [
          0.9302012505117114,
          0.04465137224273633,
          0.36432387853427767,
          1.8392792469047161
        ],
        [
          0.3648221268670341,
          -0.003279489304945584,
          -0.9310714584273553,
          -4.404281676328854
        ],
        [
          -0.0403788220116378,
          0.9989972471802113,
          -0.019340393641626888,
          -0.37840467731825744
        ],
        [
          0.0,
          0.0,
          0.0,
          1.0
        ]
      ]
    },
    {
      "file_path": "./images/0026.jpg",
      "sharpness": 19.840499907651644,
      "transform_matrix": [
        [
          0.23220908199257062,
          0.10819009491991717,
          0.9666301493168714,
          4.216112949469487
        ],
        [
          0.9719622795756278,
          0.01198359930918597,
          -0.23483125948151953,
          -1.6232804335273316
        ],
        [
          -0.03699012464306128,
          0.9940579946239185,
          -0.10237399069131334,
          -0.3577650065168574
        ],
        [
          0.0,
          0.0,
          0.0,
          1.0
        ]
      ]
    },
    {
      "file_path": "./images/0006.jpg",
      "sharpness": 27.124473160185637,
      "transform_matrix": [
        [
          0.9843533287951511,
          0.06906803871729515,
          0.16210530554124797,
          0.9453611020999536
        ],
        [
          0.16287961488959998,
          -0.005693088923273353,
          -0.9866295250963543,
          -4.783055203819552
        ],
        [
          -0.06722168631960078,
          0.9975957070542951,
          -0.016853786580203964,
          -0.5065166296996835
        ],
        [
          0.0,
          0.0,
          0.0,
          1.0
        ]
      ]
    },
    {
      "file_path": "./images/0014.jpg",
      "sharpness": 24.573150463855786,
      "transform_matrix": [
        [
          0.7816305856374146,
          0.04594552529736166,
          0.6220471334780284,
          3.150485074495405
        ],
        [
          0.6197662525068015,
          0.05520700547000591,
          -0.7828422438784464,
          -3.5783030105619718
        ],
        [
          -0.07030945762048346,
          0.9974172623426937,
          0.014675997983806435,
          -0.33646476826397664
        ],
        [
          0.0,
          0.0,
          0.0,
          1.0
        ]
      ]
    },
    {
      "file_path": "./images/0004.jpg",
      "sharpness": 29.769472255739693,
      "transform_matrix": [
        [
          0.9889524672788903,
          0.05952386269554013,
          0.13575686796537687,
          0.780172429970516
        ],
        [
          0.1374527598558641,
          -0.02536880220773751,
          -0.9901833985088224,
          -4.80011026607597
        ],
        [
          -0.055495551524486875,
          0.9979044711851255,
          -0.03327025874003567,
          -0.5570318041360967
        ],
        [
          0.0,
          0.0,
          0.0,
          1.0
        ]
      ]
    },
    {
      "file_path": "./images/0018.jpg",
      "sharpness": 26.132315759762008,
      "transform_matrix": [
        [
          0.6510745206499943,
          0.04154321718641105,
          0.7578760648240271,
          3.544932311203793
        ],
        [
          0.7573529414182796,
          0.03046162724333024,
          -0.6522948807025079,
          -3.2860178760027563
        ],
        [
          -0.05018456608191985,
          0.9986722437008182,
          -0.011630088376436771,
          -0.2909500011045296
        ],
        [
          0.0,
          0.0,
          0.0,
          1.0
        ]
      ]
    },
    {
      "file_path": "./images/0025.jpg",
      "sharpness": 22.886663306836194,
      "transform_matrix": [
        [
          0.28459474667980994,
          0.10072525017396833,
          0.9533416250781337,
          4.226354303026205
        ],
        [
          0.9573491196107086,
          0.02188669989101676,
          -0.2881035153350487,
          -1.7951857451067237
        ],
        [
          -0.049884800699821825,
          0.9946735124211343,
          -0.09020038976547595,
          -0.31301414596077737
        ],
        [
          0.0,
          0.0,
          0.0,
          1.0
        ]
      ]
    },
    {
      "file_path": "./images/0019.jpg",
      "sharpness": 26.730619209501448,
      "transform_matrix": [
        [
          0.6479317544658691,
          0.01571969084741428,
          0.7615361664697304,
          3.427858396401101
        ],
        [
          0.7610413926294168,
          0.028156155869496297,
          -0.6480919916117319,
          -3.3350013441966286
        ],
        [
          -0.031629736752201834,
          0.9994799258480597,
          0.006279932057317148,
          -0.2550549114903116
        ],
        [
          0.0,
          0.0,
          0.0,
          1.0
        ]
      ]
    },
    {
      "file_path": "./images/0003.jpg",
      "sharpness": 34.03253962361947,
      "transform_matrix": [
        [
          0.9884866066387941,
          0.058023565284171026,
          0.1397408112700276,
          0.8377631069692631
        ],
        [
          0.14164759049948356,
          -0.03014415597352482,
          -0.9894580789332436,
          -4.819843023370326
        ],
        [
          -0.05319951662814285,
          0.9978600080669048,
          -0.03801599266295239,
          -0.5884866256393217
        ],
        [
          0.0,
          0.0,
          0.0,
          1.0
        ]
      ]
    },
    {
      "file_path": "./images/0027.jpg",
      "sharpness": 26.90392349054784,
      "transform_matrix": [
        [
          0.17965708644632294,
          0.11254685942554833,
          0.9772699400319415,
          4.1977085540661285
        ],
        [
          0.9837268521737154,
          -0.022769397772310598,
          -0.17822186969451803,
          -1.5137062531340026
        ],
        [
          0.002193536280442085,
          0.9933855036819509,
          -0.11480605140864297,
          -0.3836998757959068
        ],
        [
          0.0,
          0.0,
          0.0,
          1.0
        ]
      ]
    },
    {
      "file_path": "./images/0002.jpg",
      "sharpness": 34.478819913413005,
      "transform_matrix": [
        [
          0.9884775524650541,
          0.05767604531770753,
          0.13994856925376722,
          0.9065070632948887
        ],
        [
          0.14197141077449174,
          -0.032589906706765634,
          -0.9893341278372412,
          -4.822287547707765
        ],
        [
          -0.052499969175769774,
          0.9978032730675344,
          -0.040402740738216585,
          -0.5793871105352989
        ],
        [
          0.0,
          0.0,
          0.0,
          1.0
        ]
      ]
    },
    {
      "file_path": "./images/0034.jpg",
      "sharpness": 18.662095202534157,
      "transform_matrix": [
        [
          0.10004614509078456,
          0.2774471132322304,
          0.9555175917682239,
          4.051128457084744
        ],
        [
          0.9934901147665918,
          -0.08043934227689258,
          -0.08066538337512498,
          -0.493320413906963
        ],
        [
          0.05448082886063669,
          0.9573675425562614,
          -0.2836886104751894,
          -0.6925024394576695
        ],
        [
          0.0,
          0.0,
          0.0,
          1.0
        ]
      ]
    },
    {
      "file_path": "./images/0052.jpg",
      "sharpness": 13.456406073969257,
      "transform_matrix": [
        [
          0.9378794774355015,
          -0.03498170250042858,
          0.3451932303253537,
          0.9116934134473145
        ],
        [
          0.3176811280321024,
          -0.31343899463010955,
          -0.8948936794599944,
          -2.8063108007484403
        ],
        [
          0.1395019235306822,
          0.9489637912510765,
          -0.28285497378077656,
          -1.599496790844455
        ],
        [
          0.0,
          0.0,
          0.0,
          1.0
        ]
      ]
    },
    {
      "file_path": "./images/0029.jpg",
      "sharpness": 26.585992931101654,
      "transform_matrix": [
        [
          0.1403208685678531,
          0.1342871107574523,
          0.9809571987073389,
          4.335923190794881
        ],
        [
          0.9895925110647384,
          -0.05092874112497005,
          -0.13458426866443987,
          -1.1636485533093082
        ],
        [
          0.03188598263528951,
          0.9896328789903904,
          -0.140035884327819,
          -0.40762325752201023
        ],
        [
          0.0,
          0.0,
          0.0,
          1.0
        ]
      ]
    },
    {
      "file_path": "./images/0035.jpg",
      "sharpness": 19.613383296754098,
      "transform_matrix": [
        [
          0.1799102023858586,
          0.2893700267611584,
          0.9401581285383308,
          3.8673268092679125
        ],
        [
          0.9787659756782823,
          -0.14810230455648365,
          -0.141714050960126,
          -0.5533895103306308
        ],
        [
          0.09823178676527372,
          0.9456905915598433,
          -0.30987065216150483,
          -0.929723801392531
        ],
        [
          0.0,
          0.0,
          0.0,
          1.0
        ]
      ]
    },
    {
      "file_path": "./images/0031.jpg",
      "sharpness": 25.101529685578996,
      "transform_matrix": [
        [
          0.05768922557529451,
          0.13869571888150195,
          0.988653352183381,
          4.271313175363784
        ],
        [
          0.997306124060322,
          -0.05294580543368273,
          -0.05076649090380938,
          -0.8038178352313825
        ],
        [
          0.04530395307506443,
          0.9889187222506682,
          -0.14137649233440014,
          -0.3775403603224202
        ],
        [
          0.0,
          0.0,
          0.0,
          1.0
        ]
      ]
    },
    {
      "file_path": "./images/0030.jpg",
      "sharpness": 28.50210444869171,
      "transform_matrix": [
        [
          0.09002411438693665,
          0.13597988460960628,
          0.9866129584479297,
          4.294346264637119
        ],
        [
          0.9951290526819405,
          -0.05223989039987279,
          -0.08360121027403607,
          -0.9467762993822569
        ],
        [
          0.04017246989012725,
          0.9893333436206112,
          -0.1400203836242762,
          -0.4151169907857831
        ],
        [
          0.0,
          0.0,
          0.0,
          1.0
        ]
      ]
    },
    {
      "file_path": "./images/0072.jpg",
      "sharpness": 21.37331275597275,
      "transform_matrix": [
        [
          0.9906343310155955,
          -0.13181507777297957,
          0.03561470836546265,
          0.3436706475492257
        ],
        [
          0.0916980609973654,
          0.4489949325515541,
          -0.8888166380937518,
          -3.1007422170618835
        ],
        [
          0.10116861069585203,
          0.883758075373634,
          0.45687698167960045,
          2.0382962031249714
        ],
        [
          0.0,
          0.0,
          0.0,
          1.0
        ]
      ]
    },
    {
      "file_path": "./images/0033.jpg",
      "sharpness": 32.02583291089095,
      "transform_matrix": [
        [
          0.05221706261610642,
          0.17833474884946818,
          0.9825833784934046,
          4.172893024583277
        ],
        [
          0.9980633905628997,
          -0.04262754245556047,
          -0.045302991537188156,
          -0.4634186285700735
        ],
        [
          0.033806017064941615,
          0.9830460873956707,
          -0.18021526914545613,
          -0.439209845962804
        ],
        [
          0.0,
          0.0,
          0.0,
          1.0
        ]
      ]
    },
    {
      "file_path": "./images/0073.jpg",
      "sharpness": 22.27376531814042,
      "transform_matrix": [
        [
          0.9886316068053609,
          -0.14068808883975034,
          0.05305099104672607,
          0.4300771199225227
        ],
        [
          0.11182720000973116,
          0.45213901150423674,
          -0.884909595164323,
          -3.0490919776869827
        ],
        [
          0.10050981708843879,
          0.8807821387312822,
          0.46273167249249064,
          2.057492245593156
        ],
        [
          0.0,
          0.0,
          0.0,
          1.0
        ]
      ]
    },
    {
      "file_path": "./images/0054.jpg",
      "sharpness": 18.43705331441456,
      "transform_matrix": [
        [
          0.9853987091301024,
          0.014843809441593645,
          0.16961440190313878,
          0.28513356196000833
        ],
        [
          0.16686693316200465,
          -0.28216143684846834,
          -0.9447435367191697,
          -3.036068563890151
        ],
        [
          0.03383505032094664,
          0.959252096607762,
          -0.2805184565947356,
          -1.4070436053613138
        ],
        [
          0.0,
          0.0,
          0.0,
          1.0
        ]
      ]
    },
    {
      "file_path": "./images/0046.jpg",
      "sharpness": 19.804643513969268,
      "transform_matrix": [
        [
          0.7396182278510748,
          -0.11097898477170637,
          0.6638136349431569,
          2.022575982716951
        ],
        [
          0.530793991818292,
          -0.5102186564457337,
          -0.6767086971986128,
          -2.119799680233662
        ],
        [
          0.4137905451523424,
          0.8528543765083366,
          -0.31846004016203455,
          -1.8686312363186297
        ],
        [
          0.0,
          0.0,
          0.0,
          1.0
        ]
      ]
    },
    {
      "file_path": "./images/0044.jpg",
      "sharpness": 22.645864180640608,
      "transform_matrix": [
        [
          0.6131887134096248,
          0.005075857982255265,
          0.7899201462045157,
          2.44576584485586
        ],
        [
          0.6881062172944225,
          -0.49454443808958587,
          -0.5309761129046648,
          -1.7816964233023886
        ],
        [
          0.38795545549928173,
          0.8691375232927013,
          -0.30674179715173244,
          -1.9458662394700366
        ],
        [
          0.0,
          0.0,
          0.0,
          1.0
        ]
      ]
    },
    {
      "file_path": "./images/0045.jpg",
      "sharpness": 28.106999420846048,
      "transform_matrix": [
        [
          0.6650012852862643,
          -0.05250984427006199,
          0.7449939642636847,
          2.227200443112972
        ],
        [
          0.6236879319473531,
          -0.5096911411102326,
          -0.5926451756463672,
          -1.9645565391572677
        ],
        [
          0.4108365296463878,
          0.8587535484084158,
          -0.3061955077576549,
          -1.909151066474677
        ],
        [
          0.0,
          0.0,
          0.0,
          1.0
        ]
      ]
    },
    {
      "file_path": "./images/0039.jpg",
      "sharpness": 27.656625787009336,
      "transform_matrix": [
        [
          0.41254592900506426,
          0.1941905870157607,
          0.889997681088436,
          3.2476528586403925
        ],
        [
          0.8876654424042353,
          -0.30512589618070757,
          -0.3448887499486517,
          -0.8460065086624919
        ],
        [
          0.20458719123319996,
          0.9323026350730717,
          -0.2982547196374562,
          -1.7319140561283783
        ],
        [
          0.0,
          0.0,
          0.0,
          1.0
        ]
      ]
    },
    {
      "file_path": "./images/0049.jpg",
      "sharpness": 30.015080859073596,
      "transform_matrix": [
        [
          0.8401765187818052,
          -0.11360005313120541,
          0.5302814773148736,
          1.4584405999525902
        ],
        [
          0.43588420911729137,
          -0.4403115823542877,
          -0.7849399127874611,
          -2.5234468239801604
        ],
        [
          0.32265829216714054,
          0.8906294057276054,
          -0.32042298312695583,
          -1.7959822391940228
        ],
        [
          0.0,
          0.0,
          0.0,
          1.0
        ]
      ]
    },
    {
      "file_path": "./images/0042.jpg",
      "sharpness": 29.709370165166295,
      "transform_matrix": [
        [
          0.5585876094414237,
          0.13171571322159,
          0.8189205415887512,
          2.803428860401162
        ],
        [
          0.7698869643450225,
          -0.4497074037922335,
          -0.45281046046440404,
          -1.4663192936286156
        ],
        [
          0.30863237791574166,
          0.8834105624444271,
          -0.35260719424112225,
          -1.8944441162943835
        ],
        [
          0.0,
          0.0,
          0.0,
          1.0
        ]
      ]
    },
    {
      "file_path": "./images/0074.jpg",
      "sharpness": 19.649967577352644,
      "transform_matrix": [
        [
          0.9843929229167641,
          -0.15314502991311646,
          0.0867016325755776,
          0.5486158658035662
        ],
        [
          0.14772392621284344,
          0.45131269378457556,
          -0.880053688165161,
          -2.990655160461121
        ],
        [
          0.0956463010459978,
          0.8791265279897092,
          0.46689220688278577,
          2.0499991662347945
        ],
        [
          0.0,
          0.0,
          0.0,
          1.0
        ]
      ]
    },
    {
      "file_path": "./images/0076.jpg",
      "sharpness": 17.170383869027763,
      "transform_matrix": [
        [
          0.9694192510472655,
          -0.18823741797134966,
          0.15745789958401052,
          0.879851168439657
        ],
        [
          0.22492950888954008,
          0.42491686284240643,
          -0.8768422752712187,
          -3.0122826585605194
        ],
        [
          0.09814800914418555,
          0.8854447098042155,
          0.4542627369129701,
          2.074573876561684
        ],
        [
          0.0,
          0.0,
          0.0,
          1.0
        ]
      ]
    },
    {
      "file_path": "./images/0077.jpg",
      "sharpness": 17.710142740192367,
      "transform_matrix": [
        [
          0.956909356713091,
          -0.21482892732331785,
          0.19537915699229877,
          1.0304116819113442
        ],
        [
          0.269800411996421,
          0.40891976287763,
          -0.8717754098473957,
          -3.0204609192891394
        ],
        [
          0.10738817761583985,
          0.8869234236873983,
          0.44926008034308296,
          2.0970969376472777
        ],
        [
          0.0,
          0.0,
          0.0,
          1.0
        ]
      ]
    },
    {
      "file_path": "./images/0090.jpg",
      "sharpness": 16.70842253664655,
      "transform_matrix": [
        [
          0.5364351871688626,
          -0.3597667240249788,
          0.7634167893218047,
          2.2474982699437875
        ],
        [
          0.8439369630943305,
          0.22570476759245583,
          -0.48664952502708214,
          -1.7917554012128631
        ],
        [
          0.0027734963572485123,
          0.9053315757990089,
          0.4246964157444005,
          2.2098273672410897
        ],
        [
          0.0,
          0.0,
          0.0,
          1.0
        ]
      ]
    },
    {
      "file_path": "./images/0078.jpg",
      "sharpness": 19.52352332697529,
      "transform_matrix": [
        [
          0.9385793027066008,
          -0.24948268615421215,
          0.23838473484483036,
          1.1891244374886139
        ],
        [
          0.322630905140182,
          0.389456934432001,
          -0.862689164920474,
          -3.0536982472810634
        ],
        [
          0.12238542213244107,
          0.8866124776381884,
          0.4460270428041754,
          2.109100502648367
        ],
        [
          0.0,
          0.0,
          0.0,
          1.0
        ]
      ]
    },
    {
      "file_path": "./images/0084.jpg",
      "sharpness": 22.036419643640826,
      "transform_matrix": [
        [
          0.8175113095298235,
          -0.354570322440191,
          0.45382281256285695,
          1.7317438294865322
        ],
        [
          0.5616369781029825,
          0.3164753702221303,
          -0.7644653326803289,
          -2.735192477288708
        ],
        [
          0.12743297688173366,
          0.8798427282516472,
          0.45786199876453865,
          2.2238891766192164
        ],
        [
          0.0,
          0.0,
          0.0,
          1.0
        ]
      ]
    },
    {
      "file_path": "./images/0081.jpg",
      "sharpness": 22.335544930506998,
      "transform_matrix": [
        [
          0.8812158097842314,
          -0.34791357248818156,
          0.3200231907718606,
          1.628026071538428
        ],
        [
          0.44124198779841944,
          0.36249676976604006,
          -0.820915099211128,
          -2.911648218643566
        ],
        [
          0.16960013197101287,
          0.8646110327532055,
          0.4729519608202838,
          2.0859728914459588
        ],
        [
          0.0,
          0.0,
          0.0,
          1.0
        ]
      ]
    },
    {
      "file_path": "./images/0085.jpg",
      "sharpness": 21.745143126936977,
      "transform_matrix": [
        [
          0.7627702289911072,
          -0.40109186277640807,
          0.5072542709000827,
          1.8385781763679012
        ],
        [
          0.6297261306344024,
          0.2823230515649684,
          -0.7236979307357441,
          -2.5608172535313614
        ],
        [
          0.14705977744635731,
          0.8714465056093784,
          0.46792564546681126,
          2.2450770553977843
        ],
        [
          0.0,
          0.0,
          0.0,
          1.0
        ]
      ]
    },
    {
      "file_path": "./images/0097.jpg",
      "sharpness": 17.557719836028564,
      "transform_matrix": [
        [
          0.4150136228249611,
          -0.17874207904557066,
          0.8920846159502686,
          2.67678161990004
        ],
        [
          0.9092363600499821,
          0.11645198476753402,
          -0.3996600765734446,
          -1.0956649771082145
        ],
        [
          -0.032448951109742635,
          0.9769801453404552,
          0.2108479574226924,
          1.3027852869819097
        ],
        [
          0.0,
          0.0,
          0.0,
          1.0
        ]
      ]
    },
    {
      "file_path": "./images/0089.jpg",
      "sharpness": 25.274699007258214,
      "transform_matrix": [
        [
          0.5611978348000537,
          -0.37720560603214176,
          0.7367312406574238,
          2.1787256188190174
        ],
        [
          0.8272923761027007,
          0.22834057371628919,
          -0.5132717670369117,
          -1.9027114488228436
        ],
        [
          0.025383353777917006,
          0.8975391429576829,
          0.44020355766017333,
          2.2586338775428234
        ],
        [
          0.0,
          0.0,
          0.0,
          1.0
        ]
      ]
    },
    {
      "file_path": "./images/0094.jpg",
      "sharpness": 26.230335626371414,
      "transform_matrix": [
        [
          0.37646027033716317,
          -0.23723206780341644,
          0.8955437514886447,
          2.6259731071063284
        ],
        [
          0.9188868044065853,
          0.21874179228033092,
          -0.3283276853958145,
          -1.2438727808844956
        ],
        [
          -0.11800298954251882,
          0.9465056652149695,
          0.30033701094253673,
          1.8117712953456544
        ],
        [
          0.0,
          0.0,
          0.0,
          1.0
        ]
      ]
    },
    {
      "file_path": "./images/0110.jpg",
      "sharpness": 22.35281006506821,
      "transform_matrix": [
        [
          -0.09115753447600448,
          0.33976735420059945,
          0.9360814328330366,
          2.8445527392112955
        ],
        [
          0.9881655359548167,
          -0.08558603132726265,
          0.12729455916381088,
          0.17564904011157279
        ],
        [
          0.12336603040653689,
          0.9366072689383933,
          -0.32794457806220606,
          -0.8310226052859709
        ],
        [
          0.0,
          0.0,
          0.0,
          1.0
        ]
      ]
    },
    {
      "file_path": "./images/0105.jpg",
      "sharpness": 23.788726792775847,
      "transform_matrix": [
        [
          0.0076271970626418505,
          0.15648867592651852,
          0.9876503025558708,
          2.940787674434075
        ],
        [
          0.9869307551280531,
          -0.16016374192540467,
          0.017755572498620423,
          -0.1483328179000704
        ],
        [
          0.16096431420173274,
          0.9746070336535086,
          -0.1556650875231033,
          -0.12288257028963458
        ],
        [
          0.0,
          0.0,
          0.0,
          1.0
        ]
      ]
    },
    {
      "file_path": "./images/0107.jpg",
      "sharpness": 26.744635648823298,
      "transform_matrix": [
        [
          -0.06403375336318255,
          0.15810323538004234,
          0.9853441253488837,
          2.9187546933150985
        ],
        [
          0.9869168379063064,
          -0.13636807585041527,
          0.08601687593608152,
          0.20425228045388763
        ],
        [
          0.14796902880711588,
          0.9779606918576378,
          -0.14730258538841062,
          -0.23656439720905936
        ],
        [
          0.0,
          0.0,
          0.0,
          1.0
        ]
      ]
    },
    {
      "file_path": "./images/0108.jpg",
      "sharpness": 27.500816137743453,
      "transform_matrix": [
        [
          -0.08469512084390082,
          0.1703009957169568,
          0.9817455410288455,
          2.9181076159081547
        ],
        [
          0.9842170125867743,
          -0.1393492948978903,
          0.1090809155909327,
          0.2626197298912077
        ],
        [
          0.1553821374503706,
          0.9754892848395342,
          -0.15581093187420714,
          -0.2882100985642553
        ],
        [
          0.0,
          0.0,
          0.0,
          1.0
        ]
      ]
    },
    {
      "file_path": "./images/0103.jpg",
      "sharpness": 30.851219562897608,
      "transform_matrix": [
        [
          0.1661266010569789,
          0.10465427860862438,
          0.9805352795066246,
          2.966294309581204
        ],
        [
          0.9711852786363511,
          -0.18967671591581958,
          -0.14429794870112825,
          -0.5530930304029975
        ],
        [
          0.17088331393039588,
          0.976253156397626,
          -0.13314904284574844,
          0.014101840652677148
        ],
        [
          0.0,
          0.0,
          0.0,
          1.0
        ]
      ]
    },
    {
      "file_path": "./images/0115.jpg",
      "sharpness": 47.445226579087695,
      "transform_matrix": [
        [
          0.13917877497109093,
          0.2934874947261383,
          0.9457771190951343,
          2.62686514553325
        ],
        [
          0.9893854611583859,
          -0.0009155842311321725,
          -0.14531197801232346,
          -0.27007655534940644
        ],
        [
          -0.041781309764127396,
          0.9559624742173707,
          -0.29049969020551153,
          -1.3816479529593297
        ],
        [
          0.0,
          0.0,
          0.0,
          1.0
        ]
      ]
    }
  ]
}